2 -626.446435
2.05 -626.4521615
2.1 -626.4569133
2.15 -626.4608517
2.2 -626.4641111
2.25 -626.4668041
2.3 -626.4690247
2.35 -626.4708518
2.4 -626.4723515
2.45 -626.4735794
2.5 -626.4745819
2.55 -626.475398
2.6 -626.4760603
2.65 -626.476596
2.7 -626.4770278
2.75 -626.4773743
2.8 -626.4776513
2.85 -626.4778713
2.9 -626.4780451
2.95 -626.4781811
3 -626.4782865
3.05 -626.478367
3.1 -626.4784273
3.15 -626.4784713
3.2 -626.4785022
3.25 -626.4785227
3.3 -626.4785349
3.35 -626.4785406
3.4 -626.4785413
3.45 -626.4785382
3.5 -626.4785325
3.55 -626.4785249
3.6 -626.4785161
3.65 -626.4785066
3.7 -626.4784969
3.75 -626.4784873
3.8 -626.478478
3.85 -626.4784692
3.9 -626.478461
3.95 -626.4784536
4 -626.4784468
4.05 -626.4784407
4.1 -626.4784353
4.15 -626.4784305
4.2 -626.4784263
4.25 -626.4784226
4.3 -626.4784194
4.35 -626.4784167
4.4 -626.4784143
4.45 -626.4784122
4.5 -626.4784104
4.55 -626.4784089
4.6 -626.4784075
4.65 -626.4784063
4.7 -626.4784053
4.75 -626.4784044
4.8 -626.4784036
4.85 -626.4784029
4.9 -626.4784022
4.95 -626.4784016
5 -626.4784011
5.05 -626.4784006
5.1 -626.4784002
5.15 -626.4783998
5.2 -626.4783994
5.25 -626.4783991
5.3 -626.4783988
5.35 -626.4783985
5.4 -626.4783982
5.45 -626.478398
5.5 -626.4783977
5.55 -626.4783975
5.6 -626.4783973
5.65 -626.4783971
5.7 -626.4783969
5.75 -626.4783968
5.8 -626.4783966
5.85 -626.4783965
5.9 -626.4783963
5.95 -626.4783962
6 -626.4783961
6.05 -626.478396
6.1 -626.4783958
6.15 -626.4783957
6.2 -626.4783956
6.25 -626.4783956
6.3 -626.4783955
6.35 -626.4783954
6.4 -626.4783953
6.45 -626.4783952
6.5 -626.4783952
6.55 -626.4783951
6.6 -626.478395
6.65 -626.478395
6.7 -626.4783949
6.75 -626.4783949
6.8 -626.4783948
6.85 -626.4783948
6.9 -626.4783947
6.95 -626.4783947
7 -626.4783946
7.05 -626.4783946
7.1 -626.4783946
7.15 -626.4783945
7.2 -626.4783945
7.25 -626.4783945
7.3 -626.4783944
7.35 -626.4783944
7.4 -626.4783944
7.45 -626.4783944
7.5 -626.4783943
7.55 -626.4783943
7.6 -626.4783943
7.65 -626.4783943
7.7 -626.4783942
7.75 -626.4783942
7.8 -626.4783942
7.85 -626.4783942
7.9 -626.4783942
7.95 -626.4783942
8 -626.4783941
8.05 -626.4783941
8.1 -626.4783941
8.15 -626.4783941
8.2 -626.4783941
8.25 -626.4783941
8.3 -626.4783941
8.35 -626.478394
8.4 -626.478394
8.45 -626.478394
8.5 -626.478394
8.55 -626.478394
8.6 -626.478394
8.65 -626.478394
8.7 -626.478394
8.75 -626.478394
8.8 -626.478394
8.85 -626.478394
8.9 -626.4783939
8.95 -626.4783939
9 -626.4783939
9.05 -626.4783939
9.1 -626.4783939
9.15 -626.4783939
9.2 -626.4783939
9.25 -626.4783939
9.3 -626.4783939
9.35 -626.4783939
9.4 -626.4783939
9.45 -626.4783939
9.5 -626.4783939
9.55 -626.4783939
9.6 -626.4783939
9.65 -626.4783939
9.7 -626.4783939
9.75 -626.4783939
9.8 -626.4783939
9.85 -626.4783939
9.9 -626.4783939
9.95 -626.4783938
10 -626.4783938
