2 -626.446435
2.2 -626.4641111
2.4 -626.4723515
2.6 -626.4760603
2.8 -626.4776513
3 -626.4782865
3.2 -626.4785022
3.4 -626.4785413
3.6 -626.4785161
3.8 -626.478478
4 -626.4784468
4.2 -626.4784263
4.4 -626.4784143
4.6 -626.4784075
4.8 -626.4784036
5 -626.4784011
5.2 -626.4783994
5.4 -626.4783982
5.6 -626.4783973
5.8 -626.4783966
6 -626.4783961
6.2 -626.4783956
6.4 -626.4783953
6.6 -626.478395
6.8 -626.4783948
7 -626.4783946
7.2 -626.4783945
7.4 -626.4783944
7.6 -626.4783943
7.8 -626.4783942
8 -626.4783941
8.2 -626.4783941
8.4 -626.478394
8.6 -626.478394
8.8 -626.478394
9 -626.4783939
9.2 -626.4783939
9.4 -626.4783939
9.6 -626.4783939
9.8 -626.4783939
10 -626.4783938
